01 02 01 00 01 00 : 00
01 02 01 -1 01 00 : 00
01 02 01 00 01 -1 : 00
02 02 01 00 01 00 : 01
02 02 01 00 01 -1 : 01
02 02 01 01 01 -1 : 01
03 02 02 00 01 00 : 02
03 02 02 01 01 -1 : 02
03 02 02 01 01 00 : 02
03 02 04 00 01 00 : 03
03 02 04 01 01 00 : 03
03 02 04 01 01 -1 : 03
04 02 05 00 01 00 : 04
04 02 05 01 01 -1 : 04
04 02 05 00 01 -1 : 04
07 02 05 00 01 00 : 05
07 02 05 00 01 -1 : 05
07 02 05 01 01 -1 : 05
08 02 06 00 01 00 : 06
08 02 06 01 01 -1 : 06
08 02 06 00 01 -1 : 06
13 02 06 00 01 00 : 07
13 02 06 00 01 -1 : 07
13 02 06 -1 01 -1 : 07
14 02 05 00 01 00 : 08
14 02 05 -1 01 -1 : 08
14 02 05 00 01 -1 : 08
16 02 05 00 01 00 : 09
16 02 05 00 01 -1 : 09
16 02 05 -1 01 -1 : 09
17 02 04 00 01 00 : 10
17 02 04 -1 01 -1 : 10
17 02 04 -1 01 00 : 10
17 02 03 00 01 00 : 11
17 02 03 -1 01 00 : 11
17 02 03 -1 01 -1 : 11
19 02 01 00 01 00 : 12
19 02 01 -1 01 -1 : 12
19 02 01 00 01 -1 : 12
26 02 01 00 01 00 : 13
26 02 01 00 01 -1 : 13
26 02 01 01 01 -1 : 13
27 02 02 00 01 00 : 14
27 02 02 01 01 -1 : 14
27 02 02 01 01 00 : 14
27 02 03 00 01 00 : 15
27 02 03 01 01 00 : 15
27 02 03 00 01 01 : 15
20 02 03 00 01 00 : 16
20 02 03 00 01 01 : 16
20 02 03 01 01 01 : 16
19 02 04 00 01 00 : 17
19 02 04 01 01 01 : 17
19 02 04 01 01 00 : 17
19 02 11 00 01 00 : 18
19 02 11 01 01 00 : 18
19 02 11 01 01 -1 : 18
21 02 13 00 01 00 : 19
21 02 13 01 01 -1 : 19
21 02 13 00 01 -1 : 19
27 02 13 00 01 00 : 20
27 02 13 00 01 -1 : 20
27 02 13 01 01 00 : 20
27 02 14 00 01 00 : 21
27 02 14 01 01 00 : 21
27 02 14 01 01 01 : 21
26 02 15 00 01 00 : 22
26 02 15 01 01 01 : 22
26 02 15 00 01 01 : 22
25 02 15 00 01 00 : 23
25 02 15 00 01 01 : 23
25 02 15 -1 01 01 : 23
24 02 14 00 01 00 : 24
24 02 14 -1 01 01 : 24
24 02 14 00 01 01 : 24
19 02 14 00 01 00 : 25
19 02 14 00 01 01 : 25
19 02 14 01 01 01 : 25
18 02 15 00 01 00 : 26
18 02 15 01 01 01 : 26
18 02 15 -1 01 00 : 26
18 02 11 00 01 00 : 27
18 02 11 -1 01 00 : 27
18 02 11 -1 01 01 : 27
17 02 10 00 01 00 : 28
17 02 10 -1 01 01 : 28
17 02 10 -1 01 00 : 28
17 02 08 00 01 00 : 29
17 02 08 -1 01 00 : 29
17 02 08 -1 01 01 : 29
16 02 07 00 01 00 : 30
16 02 07 -1 01 01 : 30
16 02 07 00 01 01 : 30
12 02 07 00 01 00 : 31
12 02 07 00 01 01 : 31
12 02 07 01 01 01 : 31
11 02 08 00 01 00 : 32
11 02 08 01 01 01 : 32
11 02 08 01 01 00 : 32
11 02 10 00 01 00 : 33
11 02 10 01 01 00 : 33
11 02 10 01 01 01 : 33
10 02 11 00 01 00 : 34
10 02 11 01 01 01 : 34
10 02 11 -1 01 01 : 34
09 02 10 00 01 00 : 35
09 02 10 -1 01 01 : 35
09 02 10 -1 01 00 : 35
09 02 08 00 01 00 : 36
09 02 08 -1 01 00 : 36
09 02 08 -1 01 01 : 36
08 02 07 00 01 00 : 37
08 02 07 -1 01 01 : 37
08 02 07 00 01 01 : 37
04 02 07 00 01 00 : 38
04 02 07 00 01 01 : 38
04 02 07 01 01 01 : 38
03 02 08 00 01 00 : 39
03 02 08 01 01 01 : 39
03 02 08 01 01 00 : 39
03 02 14 00 01 00 : 40
03 02 14 01 01 00 : 40
03 02 14 01 01 01 : 40
02 02 15 00 01 00 : 41
02 02 15 01 01 01 : 41
02 02 15 01 01 00 : 41
02 02 21 00 01 00 : 42
02 02 21 01 01 00 : 42
02 02 21 01 01 -1 : 42
03 02 22 00 01 00 : 43
03 02 22 01 01 -1 : 43
03 02 22 01 01 01 : 43
02 02 23 00 01 00 : 44
02 02 23 01 01 01 : 44
02 02 23 00 01 01 : 44
01 02 23 00 01 00 : 45
01 02 23 00 01 01 : 45
01 02 23 -1 01 01 : 45
00 02 22 00 01 00 : 46
00 02 22 -1 01 01 : 46
00 02 22 -1 01 00 : 46
00 02 17 00 01 00 : 47
00 02 17 -1 01 00 : 47
00 02 17 -1 01 -1 : 47
01 02 16 00 01 00 : 48
01 02 16 -1 01 -1 : 48
01 02 16 -1 01 00 : 48
01 02 09 00 01 00 : 49
01 02 09 -1 01 00 : 49
01 02 09 -1 01 -1 : 49
02 02 08 00 01 00 : 50
02 02 08 -1 01 -1 : 50
02 02 08 -1 01 00 : 50
02 02 04 00 01 00 : 51
02 02 04 -1 01 00 : 51
02 02 04 -1 01 01 : 51
01 02 03 00 01 00 : 52
01 02 03 -1 01 01 : 52
01 02 03 -1 01 00 : 52
29 02 05 00 01 00 : 53
29 02 05 -1 01 00 : 53
29 02 05 00 01 -1 : 53
30 02 05 00 01 00 : 54
30 02 05 00 01 -1 : 54
30 02 05 01 01 -1 : 54
31 02 06 00 01 00 : 55
31 02 06 01 01 -1 : 55
31 02 06 01 01 00 : 55
31 02 10 00 01 00 : 56
31 02 10 01 01 00 : 56
31 02 10 01 01 01 : 56
30 02 11 00 01 00 : 57
30 02 11 01 01 01 : 57
30 02 11 00 01 01 : 57
29 02 11 00 01 00 : 58
29 02 11 00 01 01 : 58
29 02 11 -1 01 00 : 58
18 02 16 00 01 00 : 59
18 02 16 -1 01 -1 : 59
18 02 16 01 01 00 : 59
18 02 20 00 01 00 : 60
18 02 20 01 01 00 : 60
18 02 20 01 01 -1 : 60
19 02 21 00 01 00 : 61
19 02 21 01 01 -1 : 61
19 02 21 01 01 00 : 61
19 02 22 00 01 00 : 62
19 02 22 01 01 00 : 62
19 02 22 01 01 01 : 62
17 02 24 00 01 00 : 63
17 02 24 01 01 01 : 63
17 02 24 00 01 01 : 63
16 02 24 00 01 00 : 64
16 02 24 00 01 01 : 64
16 02 24 -1 01 -1 : 64
17 02 23 00 01 00 : 65
17 02 23 -1 01 -1 : 65
17 02 23 -1 01 00 : 65
17 02 17 00 01 00 : 66
17 02 17 -1 01 00 : 66
17 02 17 -1 01 -1 : 66
15 02 25 00 01 00 : 67
15 02 25 00 01 -1 : 67
15 02 25 01 01 00 : 67
15 02 26 00 01 00 : 68
15 02 26 01 01 00 : 68
15 02 26 01 01 01 : 68
14 02 27 00 01 00 : 69 // Hehe, 69.
14 02 27 01 01 01 : 69
14 02 27 00 01 01 : 69
09 02 27 00 01 00 : 70
09 02 27 00 01 01 : 70
09 02 27 -1 01 01 : 70
08 02 26 00 01 00 : 71
08 02 26 -1 01 01 : 71
08 02 26 -1 01 -1 : 71
10 02 24 00 01 00 : 72
10 02 24 -1 01 -1 : 72
10 02 24 01 01 -1 : 72
11 02 25 00 01 00 : 73
11 02 25 01 01 -1 : 73
11 02 25 00 01 -1 : 73
00 01 00 -1 01 00 : 00
00 01 00 00 01 -1 : 00
00 01 00 -1 00 00 : 00
00 01 00 00 00 -1 : 00
03 01 00 00 01 -1 : 01
03 01 00 01 01 -1 : 01
03 01 00 00 00 -1 : 01
03 01 00 01 00 -1 : 01
04 01 01 01 01 -1 : 02
04 01 01 01 01 00 : 02
04 01 01 01 00 -1 : 02
04 01 01 01 00 00 : 02
04 01 03 01 01 00 : 03
04 01 03 01 01 -1 : 03
04 01 03 01 00 00 : 03
04 01 03 01 00 -1 : 03
05 01 04 01 01 -1 : 04
05 01 04 00 01 -1 : 04
05 01 04 01 00 -1 : 04
05 01 04 00 00 -1 : 04
08 01 04 00 01 -1 : 05
08 01 04 01 01 -1 : 05
08 01 04 00 00 -1 : 05
08 01 04 01 00 -1 : 05
09 01 05 01 01 -1 : 06
09 01 05 00 01 -1 : 06
09 01 05 01 00 -1 : 06
09 01 05 00 00 -1 : 06
12 01 05 00 01 -1 : 07
12 01 05 00 01 00 : 07
12 01 05 00 00 -1 : 07
12 01 05 00 00 00 : 07
13 01 04 00 01 00 : 08
13 01 04 00 01 -1 : 08
13 01 04 00 00 00 : 08
13 01 04 00 00 -1 : 08
15 01 04 00 01 -1 : 09
15 01 04 -1 01 -1 : 09
15 01 04 00 00 -1 : 09
15 01 04 -1 00 -1 : 09
16 01 03 -1 01 -1 : 10
16 01 03 -1 01 00 : 10
16 01 03 -1 00 -1 : 10
16 01 03 -1 00 00 : 10
16 01 02 -1 01 00 : 11
16 01 02 -1 01 -1 : 11
16 01 02 -1 00 00 : 11
16 01 02 -1 00 -1 : 11
18 01 00 -1 01 -1 : 12
18 01 00 00 01 -1 : 12
18 01 00 -1 00 -1 : 12
18 01 00 00 00 -1 : 12
27 01 00 00 01 -1 : 13
27 01 00 01 01 -1 : 13
27 01 00 00 00 -1 : 13
27 01 00 01 00 -1 : 13
28 01 01 01 01 -1 : 14
28 01 01 01 01 00 : 14
28 01 01 01 00 -1 : 14
28 01 01 01 00 00 : 14
28 01 02 01 01 00 : 15
28 01 02 01 01 -1 : 15
28 01 02 01 00 00 : 15
28 01 02 01 00 -1 : 15
30 01 04 01 01 -1 : 16
30 01 04 00 01 -1 : 16
30 01 04 01 00 -1 : 16
30 01 04 00 00 -1 : 16
31 01 04 00 01 -1 : 17
31 01 04 01 01 -1 : 17
31 01 04 00 00 -1 : 17
31 01 04 01 00 -1 : 17
32 01 05 01 01 -1 : 18
32 01 05 01 01 00 : 18
32 01 05 01 00 -1 : 18
32 01 05 01 00 00 : 18
32 01 11 01 01 00 : 19
32 01 11 01 01 01 : 19
32 01 11 01 00 00 : 19
32 01 11 01 00 01 : 19
31 01 12 01 01 01 : 20
31 01 12 00 01 01 : 20
31 01 12 01 00 01 : 20
31 01 12 00 00 01 : 20
30 01 12 00 01 01 : 21
30 01 12 01 01 01 : 21
30 01 12 00 00 01 : 21
30 01 12 01 00 01 : 21
28 01 14 01 01 01 : 22
28 01 14 01 01 00 : 22
28 01 14 01 00 01 : 22
28 01 14 01 00 00 : 22
28 01 15 01 01 00 : 23
20 01 15 01 01 01 : 23
20 01 15 01 00 00 : 23
20 01 15 01 00 01 : 23
27 01 16 01 01 01 : 24
27 01 16 00 01 01 : 24
27 01 16 01 00 01 : 24
27 01 16 00 00 01 : 24
24 01 16 00 01 01 : 25
24 01 16 -1 01 01 : 25
24 01 16 00 00 01 : 25
24 01 16 -1 00 01 : 25
23 01 15 -1 01 01 : 26
23 01 15 00 01 01 : 26
23 01 15 -1 00 01 : 26
23 01 15 00 00 01 : 26
20 01 15 00 01 01 : 27
20 01 15 01 01 01 : 27
20 01 15 00 00 01 : 27
20 01 15 01 00 01 : 27
19 01 16 01 01 01 : 28
19 01 16 01 01 00 : 28
19 01 16 01 00 01 : 28
19 01 16 01 00 00 : 28
19 01 19 01 01 00 : 29
19 01 19 01 01 -1 : 29
19 01 19 01 00 00 : 29
19 01 19 01 00 -1 : 29
20 01 20 01 01 -1 : 30
20 01 20 01 01 00 : 30
20 01 20 01 00 -1 : 30
20 01 20 01 00 00 : 30
20 01 23 01 01 00 : 31
20 01 23 01 01 01 : 31
20 01 23 01 00 00 : 31
20 01 23 01 00 01 : 31
18 01 25 01 01 01 : 32
18 01 25 00 01 01 : 32
18 01 25 01 00 01 : 32
18 01 25 00 00 01 : 32
17 01 25 00 01 01 : 33
17 01 25 01 01 01 : 33
17 01 25 00 00 01 : 33
17 01 25 01 00 01 : 33
16 01 26 01 01 01 : 34
16 01 26 01 01 00 : 34
16 01 26 01 00 01 : 34
16 01 26 01 00 00 : 34
16 01 27 01 01 00 : 35
16 01 27 01 01 01 : 35
16 01 27 01 00 00 : 35
16 01 27 01 00 01 : 35
15 01 28 01 01 01 : 36
15 01 28 00 01 01 : 36
15 01 28 01 00 01 : 36
15 01 28 00 00 01 : 36
08 01 28 00 01 01 : 37
08 01 28 -1 01 01 : 37
08 01 28 00 00 01 : 37
08 01 28 -1 00 01 : 37
07 01 27 -1 01 01 : 38
07 01 27 -1 01 00 : 38
07 01 27 -1 00 01 : 38
07 01 27 -1 00 00 : 38
07 01 25 -1 01 00 : 39
07 01 25 -1 01 -1 : 39
07 01 25 -1 00 00 : 39
07 01 25 -1 00 -1 : 39
09 01 23 -1 01 -1 : 40
09 01 23 00 01 -1 : 40
09 01 23 -1 00 -1 : 40
09 01 23 00 00 -1 : 40
11 01 23 00 01 -1 : 41
11 01 23 01 01 -1 : 41
11 01 23 00 00 -1 : 41
11 01 23 01 00 -1 : 41
12 01 24 01 01 -1 : 42
12 01 24 00 01 -1 : 42
12 01 24 01 00 -1 : 42
12 01 24 00 00 -1 : 42
14 01 24 00 01 -1 : 43
14 01 24 -1 01 -1 : 43
14 01 24 00 00 -1 : 43
14 01 24 -1 00 -1 : 43
16 01 22 -1 01 -1 : 44
16 01 22 -1 01 00 : 44
16 01 22 -1 00 -1 : 44
16 01 22 -1 00 00 : 44
16 01 16 -1 01 00 : 45
16 01 16 -1 01 -1 : 45
16 01 16 -1 00 00 : 45
16 01 16 -1 00 -1 : 45
17 01 15 -1 01 -1 : 46
17 01 15 -1 01 00 : 46
17 01 15 -1 00 -1 : 46
17 01 15 -1 00 00 : 46
17 01 12 -1 01 00 : 47
17 01 12 -1 01 01 : 47
17 01 12 -1 00 00 : 47
17 01 12 -1 00 01 : 47
16 01 11 -1 01 01 : 48
16 01 11 -1 01 00 : 48
16 01 11 -1 00 01 : 48
16 01 11 -1 00 00 : 48
16 01 09 -1 01 00 : 49
16 01 09 -1 01 01 : 49
16 01 09 -1 00 00 : 49
16 01 09 -1 00 01 : 49
15 01 08 -1 01 01 : 50
15 01 08 00 01 01 : 50
15 01 08 -1 00 01 : 50
15 01 08 00 00 01 : 50
13 01 08 00 01 01 : 51
13 01 08 00 01 00 : 51
13 01 08 00 00 01 : 51
13 01 08 00 00 00 : 51
12 01 09 00 01 00 : 52
12 01 09 01 01 00 : 52
12 01 09 00 00 00 : 52
12 01 09 01 00 00 : 52
12 01 11 01 01 00 : 53
12 01 11 01 01 01 : 53
12 01 11 01 00 00 : 53
12 01 11 01 00 01 : 53
11 01 12 01 01 01 : 54
11 01 12 00 01 01 : 54
11 01 12 01 00 01 : 54
11 01 12 00 00 01 : 54
09 01 12 00 01 01 : 55
09 01 12 -1 01 01 : 55
09 01 12 00 00 01 : 55
09 01 12 -1 00 01 : 55
08 01 11 -1 01 01 : 56
08 01 11 -1 01 00 : 56
08 01 11 -1 00 01 : 56
08 01 11 -1 00 00 : 56
08 01 09 -1 01 00 : 57
08 01 09 -1 01 01 : 57
08 01 09 -1 00 00 : 57
08 01 09 -1 00 01 : 57
07 01 08 -1 01 01 : 58
07 01 08 00 01 01 : 58
07 01 08 -1 00 01 : 58
07 01 08 00 00 01 : 58
05 01 08 00 01 01 : 59
05 01 08 01 01 01 : 59
05 01 08 00 00 01 : 59
05 01 08 01 00 01 : 59
04 01 09 01 01 01 : 60
04 01 09 01 01 00 : 60
04 01 09 01 00 01 : 60
04 01 09 01 00 00 : 60
04 01 15 01 01 00 : 61
04 01 15 01 01 01 : 61
04 01 15 01 00 00 : 61
04 01 15 01 00 01 : 61
03 01 16 01 01 01 : 62
03 01 16 01 01 00 : 62
03 01 16 01 00 01 : 62
03 01 16 01 00 00 : 62
03 01 20 01 01 00 : 63
03 01 20 01 01 -1 : 63
03 01 20 01 00 00 : 63
03 01 20 01 00 -1 : 63
04 01 21 01 01 -1 : 64
04 01 21 01 01 00 : 64
04 01 21 01 00 -1 : 64
04 01 21 01 00 00 : 64
04 01 23 01 01 00 : 65
04 01 23 01 01 01 : 65
04 01 23 01 00 00 : 65
04 01 23 01 00 01 : 65
03 01 24 01 01 01 : 66
03 01 24 00 01 01 : 66
03 01 24 01 00 01 : 66
03 01 24 00 00 01 : 66
00 01 24 00 01 01 : 67
00 01 24 -1 01 01 : 67
00 01 24 00 00 01 : 67
00 01 24 -1 00 01 : 67
-1 01 23 -1 01 01 : 68
-1 01 23 -1 01 00 : 68
-1 01 23 -1 00 01 : 68
-1 01 23 -1 00 00 : 68
-1 01 16 -1 01 00 : 69
-1 01 16 -1 01 -1 : 69
-1 01 16 -1 00 00 : 69
-1 01 16 -1 00 -1 : 69
00 01 15 -1 01 -1 : 70
00 01 15 -1 01 00 : 70
00 01 15 -1 00 -1 : 70
00 01 15 -1 00 00 : 70
00 01 08 -1 01 00 : 71
00 01 08 -1 01 -1 : 71
00 01 08 -1 00 00 : 71
00 01 08 -1 00 -1 : 71
01 01 07 -1 01 -1 : 72
01 01 07 -1 01 00 : 72
01 01 07 -1 00 -1 : 72
01 01 07 -1 00 00 : 72
01 01 05 -1 01 00 : 73
01 01 05 -1 01 01 : 73
01 01 05 -1 00 00 : 73
01 01 05 -1 00 01 : 73
01 01 04 -1 01 01 : 74
01 01 04 -1 01 00 : 74
01 01 04 -1 00 01 : 74
01 01 04 -1 00 00 : 74
21 01 04 -1 01 -1 : 75
21 01 04 00 01 -1 : 75
21 01 04 -1 00 -1 : 75
21 01 04 00 00 -1 : 75
26 01 04 00 01 -1 : 76
26 01 04 01 01 -1 : 76
26 01 04 00 00 -1 : 76
26 01 04 01 00 -1 : 76
28 01 06 01 01 -1 : 77
28 01 06 01 01 00 : 77
28 01 06 01 00 -1 : 77
28 01 06 01 00 00 : 77
28 01 10 01 01 00 : 78
28 01 10 01 01 01 : 78
28 01 10 01 00 00 : 78
28 01 10 01 00 01 : 78
26 01 12 01 01 01 : 79
26 01 12 00 01 01 : 79
26 01 12 01 00 01 : 79
26 01 12 00 00 01 : 79
22 01 12 00 01 01 : 80
22 01 12 -1 01 01 : 80
22 01 12 00 00 01 : 80
22 01 12 -1 00 01 : 80
20 01 10 -1 01 01 : 81
20 01 10 -1 01 00 : 81
20 01 10 -1 00 01 : 81
20 01 10 -1 00 00 : 81
20 01 05 -1 01 00 : 82
20 01 05 -1 01 -1 : 82
20 01 05 -1 00 00 : 82
20 01 05 -1 00 -1 : 82