01 -02 01 00 -01 00 //Bottom
02 -02 01 00 -01 00
03 -02 02 00 -01 00
03 -02 04 00 -01 00
04 -02 05 00 -01 00
07 -02 05 00 -01 00
08 -02 06 00 -01 00
13 -02 06 00 -01 00
14 -02 05 00 -01 00
16 -02 05 00 -01 00
17 -02 04 00 -01 00
17 -02 03 00 -01 00
19 -02 01 00 -01 00
26 -02 01 00 -01 00
27 -02 02 00 -01 00
27 -02 03 00 -01 00
20 -02 03 00 -01 00
19 -02 04 00 -01 00
19 -02 11 00 -01 00
21 -02 13 00 -01 00
27 -02 13 00 -01 00
27 -02 14 00 -01 00
26 -02 15 00 -01 00
25 -02 15 00 -01 00
24 -02 14 00 -01 00
19 -02 14 00 -01 00
18 -02 15 00 -01 00
18 -02 11 00 -01 00
17 -02 10 00 -01 00
17 -02 08 00 -01 00
16 -02 07 00 -01 00
12 -02 07 00 -01 00
11 -02 08 00 -01 00
11 -02 10 00 -01 00
10 -02 11 00 -01 00
09 -02 10 00 -01 00
09 -02 08 00 -01 00
08 -02 07 00 -01 00
04 -02 07 00 -01 00
03 -02 08 00 -01 00
03 -02 14 00 -01 00
02 -02 15 00 -01 00
02 -02 21 00 -01 00
03 -02 22 00 -01 00
02 -02 23 00 -01 00
01 -02 23 00 -01 00
00 -02 22 00 -01 00
00 -02 17 00 -01 00
01 -02 16 00 -01 00
01 -02 09 00 -01 00
02 -02 08 00 -01 00
02 -02 04 00 -01 00
01 -02 03 00 -01 00
29 -02 05 00 -01 00
30 -02 05 00 -01 00
31 -02 06 00 -01 00
31 -02 10 00 -01 00
30 -02 11 00 -01 00
29 -02 11 00 -01 00
18 -02 16 00 -01 00
18 -02 20 00 -01 00
19 -02 21 00 -01 00
19 -02 22 00 -01 00
17 -02 24 00 -01 00
16 -02 24 00 -01 00
17 -02 23 00 -01 00
17 -02 17 00 -01 00
15 -02 25 00 -01 00
15 -02 26 00 -01 00
14 -02 27 00 -01 00
09 -02 27 00 -01 00
08 -02 26 00 -01 00
10 -02 24 00 -01 00
11 -02 25 00 -01 00